# Created by Octave 4.4.1, Fri Feb 08 18:42:15 2019 GMT <unknown@YoungDevps>
# name: v
# type: matrix
# rows: 47
# columns: 1
 9354
 6453
 8545
 6776
 9875
 9784
 9455
 9875
 9363
 9453
 8516
 7545
 6485
 5465
 7544
 8454
 8633
 8824
 7245
 7345
 7547
 6454
 1354
 9453
 6945
 8864
 7455
 9875
 9363
 9453
 8516
 7545
 6485
 5465
 7544
 8454
 8633
 8824
 7245
 7345
 7547
 6454
 8824
 7245
 7345
 7547
 6454


