# Created by Octave 4.4.1, Fri Feb 08 14:37:51 2019 GMT <unknown@YoungDevps>
# name: v
# type: matrix
# rows: 10
# columns: 1
 9354
 6453
 8545
 6776
 9875
 9784
 9455
 9875
 9363
 9453


